ForwardPrice = 192.827584434;

volatilityTTM = 0.041095890;
rfRate = 0.01;
time = 35.0/365;

