ForwardPrice = 188.827584434;
volatilityTTM = 0.041095890;

%underPrice = 100;
strikePrice = 195;
rfRate = 0.01;
time = 15.0/365;

